+---------+--------------+---------------+-------------+-------------+-------------+----------------+---------+-------+---------+------------+--------------+
| id      | device_code  | persion_index | coodinate_x | coodinate_y | coodinate_z | remaining_time | posture | event | area_id | timestamp  | person_index |
+---------+--------------+---------------+-------------+-------------+-------------+----------------+---------+-------+---------+------------+--------------+
| 7372203 | 9D8A326309E7 |          NULL |          22 |          17 |           0 |              0 |       4 |     0 |       1 | 1743269335 |            0 |
| 7372202 | 9D8A326309E7 |          NULL |          22 |          17 |           0 |              0 |       4 |     0 |       1 | 1743269333 |            0 |
| 7372201 | 9D8A326309E7 |          NULL |          22 |          17 |           0 |              0 |       4 |     0 |       1 | 1743269332 |            0 |
| 7372200 | 9D8A326309E7 |          NULL |          22 |          17 |           0 |              0 |       4 |     0 |       1 | 1743269331 |            0 |
| 7372199 | 9D8A326309E7 |          NULL |          22 |          17 |           0 |              0 |       4 |     0 |       1 | 1743269330 |            0 |
| 7372198 | 9D8A326309E7 |          NULL |          22 |          17 |           0 |              0 |       4 |     0 |       1 | 1743269329 |            0 |
| 7372197 | 9D8A326309E7 |          NULL |          22 |          17 |           0 |              0 |       4 |     0 |       1 | 1743269328 |            0 |
| 7372196 | 9D8A326309E7 |          NULL |          22 |          17 |           0 |              0 |       4 |     0 |       1 | 1743269327 |            0 |
| 7372195 | 9D8A326309E7 |          NULL |          22 |          17 |           0 |              0 |       4 |     0 |       1 | 1743269326 |            0 |
| 7372194 | 9D8A326309E7 |          NULL |          22 |          17 |           0 |              0 |       4 |     0 |       1 | 1743269325 |            0 |
| 7372193 | 9D8A326309E7 |          NULL |          22 |          17 |           0 |              0 |       4 |     0 |       1 | 1743269324 |            0 |
| 7372192 | 9D8A326309E7 |          NULL |          22 |          17 |           0 |              0 |       4 |     0 |       1 | 1743269323 |            0 |
| 7372190 | 9D8A326309E7 |          NULL |          22 |          17 |           0 |              0 |       4 |     0 |       1 | 1743269322 |            0 |
| 7372189 | 9D8A326309E7 |          NULL |          22 |          17 |           0 |              0 |       4 |     0 |       1 | 1743269321 |            0 |
| 7372188 | 9D8A326309E7 |          NULL |          23 |          17 |           0 |              0 |       4 |     0 |       1 | 1743269320 |            0 |
| 7372187 | 9D8A326309E7 |          NULL |          23 |          18 |           0 |              0 |       1 |     0 |       1 | 1743269319 |            0 |
| 7372186 | 9D8A326309E7 |          NULL |          23 |          18 |           0 |              0 |       1 |     0 |       1 | 1743269318 |            0 |
| 7372185 | 9D8A326309E7 |          NULL |          23 |          18 |         101 |              0 |       1 |     0 |       1 | 1743269317 |            0 |
| 7372184 | 9D8A326309E7 |          NULL |          18 |          12 |          76 |              0 |       1 |     0 |       1 | 1743269316 |            0 |
| 7372183 | 9D8A326309E7 |          NULL |          13 |           5 |          64 |              0 |       1 |     0 |       1 | 1743269315 |            0 |
| 7372182 | 9D8A326309E7 |          NULL |           7 |           0 |          93 |              0 |       1 |     0 |       1 | 1743269314 |            0 |
| 7372181 | 9D8A326309E7 |          NULL |           3 |          -3 |         104 |              0 |       1 |     0 |       1 | 1743269313 |            0 |
| 7372180 | 9D8A326309E7 |          NULL |           2 |          -3 |         103 |              0 |       1 |     0 |       1 | 1743269312 |            0 |
| 7372179 | 9D8A326309E7 |          NULL |           3 |          -2 |          90 |              0 |       1 |     0 |       1 | 1743269311 |            0 |
| 7372177 | 9D8A326309E7 |          NULL |           3 |           2 |          92 |              0 |       1 |     0 |       1 | 1743269310 |            0 |
| 7372176 | 9D8A326309E7 |          NULL |           1 |           5 |          89 |              0 |       1 |     0 |       1 | 1743269309 |            0 |
| 7372175 | 9D8A326309E7 |          NULL |          -3 |           7 |          77 |              0 |       1 |     0 |       1 | 1743269308 |            0 |
| 7372174 | 9D8A326309E7 |          NULL |          -8 |           6 |          69 |              0 |       1 |     0 |       1 | 1743269307 |            0 |
| 7372173 | 9D8A326309E7 |          NULL |         -11 |           1 |          71 |              0 |       1 |     0 |       1 | 1743269306 |            0 |
| 7372172 | 9D8A326309E7 |          NULL |         -11 |          -2 |          82 |              0 |       1 |     0 |       1 | 1743269305 |            0 |
| 7372171 | 9D8A326309E7 |          NULL |         -10 |          -1 |           0 |              0 |       1 |     0 |       1 | 1743269304 |            0 |
| 7372170 | 9D8A326309E7 |          NULL |         -10 |           1 |          68 |              0 |       1 |     0 |       1 | 1743269303 |            0 |
| 7372169 | 9D8A326309E7 |          NULL |          -8 |           7 |          71 |              0 |       1 |     0 |       1 | 1743269302 |            0 |
| 7372168 | 9D8A326309E7 |          NULL |          -6 |           9 |          70 |              0 |       1 |     0 |       1 | 1743269301 |            0 |
| 7372167 | 9D8A326309E7 |          NULL |           0 |          10 |          90 |              0 |       1 |     0 |       1 | 1743269301 |            0 |
| 7372166 | 9D8A326309E7 |          NULL |           9 |           8 |          79 |              0 |       1 |     0 |       1 | 1743269300 |            0 |
| 7372165 | 9D8A326309E7 |          NULL |          14 |           4 |          86 |              0 |       3 |     0 |       1 | 1743269299 |            0 |
| 7372164 | 9D8A326309E7 |          NULL |          13 |           1 |          91 |              0 |       3 |     0 |       1 | 1743269298 |            0 |
| 7372163 | 9D8A326309E7 |          NULL |          14 |           0 |          98 |              0 |       3 |     0 |       1 | 1743269297 |            0 |
| 7372162 | 9D8A326309E7 |          NULL |          16 |           0 |           0 |              0 |       3 |     0 |       1 | 1743269296 |            0 |
| 7372161 | 9D8A326309E7 |          NULL |          12 |           0 |           0 |              0 |       3 |     0 |       1 | 1743269295 |            0 |
| 7372160 | 9D8A326309E7 |          NULL |          12 |           0 |           0 |              0 |       4 |     0 |       1 | 1743269294 |            0 |
| 7372159 | 9D8A326309E7 |          NULL |          12 |           0 |           0 |              0 |       4 |     0 |       1 | 1743269293 |            0 |
| 7372158 | 9D8A326309E7 |          NULL |          13 |           0 |           0 |              0 |       1 |     0 |       1 | 1743269292 |            0 |
| 7372156 | 9D8A326309E7 |          NULL |          11 |           0 |          72 |              0 |       4 |     0 |       1 | 1743269291 |            0 |
| 7372155 | 9D8A326309E7 |          NULL |           9 |          -3 |          75 |              0 |       4 |     0 |       1 | 1743269290 |            0 |
| 7372154 | 9D8A326309E7 |          NULL |           6 |          -5 |          77 |              0 |       4 |     0 |       1 | 1743269289 |            0 |
| 7372153 | 9D8A326309E7 |          NULL |           5 |          -5 |         103 |              0 |       4 |     0 |       1 | 1743269288 |            0 |
| 7372152 | 9D8A326309E7 |          NULL |           5 |          -5 |           0 |              0 |       4 |     0 |       1 | 1743269287 |            0 |
| 7372151 | 9D8A326309E7 |          NULL |           4 |          -4 |          86 |              0 |       1 |     0 |       1 | 1743269286 |            0 |
| 7372150 | 9D8A326309E7 |          NULL |           4 |          -5 |          93 |              0 |       1 |     0 |       1 | 1743269285 |            0 |
| 7372149 | 9D8A326309E7 |          NULL |           3 |          -4 |         120 |              0 |       1 |     0 |       1 | 1743269284 |            0 |
| 7372148 | 9D8A326309E7 |          NULL |           2 |          -4 |         112 |              0 |       1 |     0 |       1 | 1743269283 |            0 |
| 7372147 | 9D8A326309E7 |          NULL |           1 |          -2 |          88 |              0 |       1 |     0 |       1 | 1743269282 |            0 |
| 7372146 | 9D8A326309E7 |          NULL |           0 |           2 |          52 |              0 |       1 |     0 |       1 | 1743269281 |            0 |
| 7372144 | 9D8A326309E7 |          NULL |           7 |           3 |          66 |              0 |       1 |     0 |       1 | 1743269280 |            0 |
| 7372142 | 9D8A326309E7 |          NULL |          14 |           8 |          88 |              0 |       1 |     0 |       1 | 1743269279 |            0 |
| 7372141 | 9D8A326309E7 |          NULL |          19 |          14 |         106 |              0 |       4 |     1 |       1 | 1743269278 |            0 |